4 fold multi modal
C value	training acc	validation acc	Testing acc
0.01	0.52610391642	0.327291536784	0.380597014925
0.1	0.608189648687	0.334882160446	0.376865671642
1	0.627250825082	0.306950098773	0.332089552239
10	0.64591409168	0.321405286443	0.324626865672
100	0.669405360793	0.326347837626	0.317164179104
------------------------------------------------------
0.01	0.493742180045	0.301572190846	0.317307692308
0.1	0.590377244898	0.386332334292	0.322115384615
1	0.620758527312	0.377341106222	0.317307692308
10	0.623542072618	0.395028036682	0.331730769231
100	0.633677792336	0.379033413026	0.365384615385
------------------------------------------------------
0.01	0.482615823868	0.320480510753	0.426470588235
0.1	0.565046249917	0.329074260753	0.536764705882
1	0.611127593771	0.369926075269	0.485294117647
10	0.593477875561	0.365776209677	0.522058823529
100	0.602960168046	0.353545026882	0.566176470588
------------------------------------------------------
0.01	0.532965667433	0.373868637581	0.488095238095
0.1	0.565063955053	0.374969446495	0.488095238095
1	0.568923123621	0.409947315848	0.380952380952
10	0.590905094691	0.375319259927	0.380952380952
100	0.590924717924	0.387092724336	0.440476190476

4 fold multi modal with selected features
C value	training acc	validation acc	Testing acc
0.01	0.439706999412	0.296981120383	0.369402985075
0.1	0.607028801612	0.403769319653	0.361940298507
1	0.606649020112	0.398929516599	0.347014925373
10	0.597282480854	0.398213440695	0.35447761194
100	0.595700202373	0.398213440695	0.35447761194
------------------------------------------------------
0.01	0.412055064885	0.262890809974	0.331730769231
0.1	0.548851093879	0.325524496726	0.394230769231
1	0.56248543445	0.324956977698	0.399038461538
10	0.568158671355	0.339193317395	0.389423076923
100	0.566561200066	0.33516105933	0.389423076923
------------------------------------------------------
0.01	0.416197231941	0.320614919355	0.316176470588
0.1	0.517678616381	0.349899193548	0.544117647059
1	0.525817786118	0.342237903226	0.595588235294
10	0.529894194165	0.341977486559	0.580882352941
100	0.529894194165	0.341977486559	0.580882352941
------------------------------------------------------
0.01	0.459567493978	0.347581617439	0.52380952381
0.1	0.535489225428	0.390270189232	0.511904761905
1	0.533044906355	0.401586319205	0.440476190476
10	0.536917700764	0.405667475922	0.416666666667
100	0.538206360558	0.405667475922	0.428571428571

4 fold multi modal without speaker independence
C value	training acc	validation acc	Testing acc
0.01	0.506784300023	0.41339869281	0.369402985075
0.1	0.602463312369	0.501906318083	0.380597014925
1	0.622816212439	0.482843137255	0.399253731343
10	0.651030747729	0.491830065359	0.384328358209
100	0.646168180759	0.4825708061	0.380597014925
------------------------------------------------------
0.01	0.507488167681	0.444923371648	0.341346153846
0.1	0.585158891143	0.505587484036	0.341346153846
1	0.604039891819	0.48275862069	0.3125
10	0.612998647735	0.483716475096	0.331730769231
100	0.608789722786	0.47972541507	0.331730769231
------------------------------------------------------
0.01	0.443168536699	0.414516129032	0.389705882353
0.1	0.544720079476	0.435080645161	0.580882352941
1	0.570433029453	0.443279569892	0.558823529412
10	0.584019985975	0.443682795699	0.588235294118
100	0.593487026648	0.447849462366	0.617647058824
------------------------------------------------------
0.01	0.521226539783	0.447716346154	0.511904761905
0.1	0.557269362939	0.440144230769	0.559523809524
1	0.568821041501	0.443990384615	0.428571428571
10	0.579103885805	0.428485576923	0.488095238095
100	0.597118688871	0.424639423077	0.583333333333

3 fold multi modal without speaker independence
C value	training acc	validation acc	Testing acc
0.01	0.509407013396	0.42652979066	0.323383084577
0.1	0.596040189125	0.526368760064	0.358208955224
1	0.633668242711	0.488526570048	0.378109452736
10	0.63115642238	0.497987117552	0.358208955224
100	0.652285263987	0.483293075684	0.338308457711
------------------------------------------------------
0.01	0.4954559789	0.324558324558	0.333333333333
0.1	0.596442189157	0.417046917047	0.320512820513
1	0.59627017574	0.426406926407	0.352564102564
10	0.600814196841	0.426231426231	0.339743589744
100	0.638126773888	0.430033930034	0.365384615385
------------------------------------------------------
0.01	0.449207874443	0.382329317269	0.382352941176
0.1	0.54699780718	0.418925702811	0.607843137255
1	0.573287013083	0.382479919679	0.588235294118
10	0.593552122601	0.406726907631	0.549019607843
100	0.603814029123	0.431275100402	0.558823529412
------------------------------------------------------
0.01	0.505791677805	0.409736308316	0.460317460317
0.1	0.555911966497	0.444128915934	0.52380952381
1	0.584892631204	0.421050259184	0.47619047619
10	0.60222311325	0.447870182556	0.555555555556
100	0.602245388933	0.417308992563	0.555555555556

4 fold acoustic modal
C value	training acc	validation acc	Testing acc
0.01	0.400332113209	0.271062427547	0.335820895522
0.1	0.43067940305	0.297378217021	0.358208955224
1	0.433834762184	0.283901343018	0.361940298507
10	0.437019604767	0.297218727388	0.365671641791
100	0.437019604767	0.297218727388	0.365671641791
------------------------------------------------------
0.01	0.39289437823	0.262890809974	0.331730769231
0.1	0.427838290618	0.320901909151	0.331730769231
1	0.442448046832	0.321390024601	0.336538461538
10	0.445512308893	0.325995287759	0.326923076923
100	0.445512308893	0.325995287759	0.326923076923
------------------------------------------------------
0.01	0.388724704468	0.281552419355	0.323529411765
0.1	0.410673186094	0.316969086022	0.367647058824
1	0.414853145919	0.316969086022	0.360294117647
10	0.421603116379	0.316969086022	0.382352941176
100	0.421603116379	0.316969086022	0.382352941176
------------------------------------------------------
0.01	0.35909886283	0.343686472628	0.571428571429
0.1	0.433566367665	0.374655952723	0.47619047619
1	0.450353154991	0.371755533801	0.464285714286
10	0.450306549811	0.371755533801	0.464285714286
100	0.452910716477	0.375486877084	0.440476190476

4 fold visual modal
C value	training acc	validation acc	Testing acc
0.01	0.409553659904	0.279437260734	0.358208955224
0.1	0.500667093018	0.383393267134	0.324626865672
1	0.536153061772	0.36664360076	0.320895522388
10	0.529783376605	0.357290453907	0.320895522388
100	0.528201098124	0.357290453907	0.320895522388
------------------------------------------------------
0.01	0.398786367238	0.262890809974	0.331730769231
0.1	0.480512569875	0.278904346119	0.389423076923
1	0.50129045958	0.329570903064	0.389423076923
10	0.495201022935	0.307986123142	0.394230769231
100	0.495201022935	0.307986123142	0.399038461538
------------------------------------------------------
0.01	0.394219209963	0.301083669355	0.294117647059
0.1	0.43781948533	0.280653561828	0.426470588235
1	0.456738314864	0.305384744624	0.485294117647
10	0.464847302067	0.33455141129	0.507352941176
100	0.463473675693	0.330384744624	0.507352941176
------------------------------------------------------
0.01	0.393822242666	0.347169800038	0.52380952381
0.1	0.451948023212	0.374745078978	0.535714285714
1	0.448068687725	0.398561892347	0.404761904762
10	0.458324684949	0.406314296193	0.345238095238
100	0.458324684949	0.406314296193	0.345238095238
