4 fold multi modal
C value	training acc	validation acc	Testing acc
0.01	0.526093598629	0.328802541941	0.338308457711
0.1	0.607997987928	0.424045164375	0.358208955224
1	0.638452008346	0.451964383748	0.358208955224
10	0.66890509725	0.423938908416	0.363184079602
100	0.678362769208	0.437637538553	0.36815920398
------------------------------------------------------
0.01	0.504356823865	0.381050353156	0.352564102564
0.1	0.600721331095	0.425374800638	0.314102564103
1	0.6270376901	0.44713374345	0.275641025641
10	0.638103884131	0.469066605909	0.282051282051
100	0.638060694631	0.442864737602	0.288461538462
------------------------------------------------------
0.01	0.463857689368	0.317883079158	0.43137254902
0.1	0.57310824325	0.310285039942	0.5
1	0.597665497299	0.313858629872	0.490196078431
10	0.599836273383	0.326243645606	0.480392156863
100	0.605934900906	0.322025538611	0.519607843137
------------------------------------------------------
0.01	0.517061077304	0.328750826173	0.460317460317
0.1	0.580955600631	0.352280237938	0.460317460317
1	0.590534144692	0.402203128442	0.380952380952
10	0.609601081812	0.375809649703	0.507936507937
100	0.588528284877	0.382595285305	0.555555555556

4 fold multi modal with selected features
C value	training acc	validation acc	Testing acc
0.01	0.417897198003	0.3141960758	0.363184079602
0.1	0.577544899024	0.478574977094	0.348258706468
1	0.593781205753	0.451464794325	0.323383084577
10	0.598475109919	0.446898584279	0.323383084577
100	0.6008560623	0.446898584279	0.328358208955
------------------------------------------------------
0.01	0.42775934393	0.389819245082	0.378205128205
0.1	0.576525149388	0.394671527303	0.403846153846
1	0.57437573612	0.403155616314	0.378205128205
10	0.567753219564	0.403157135262	0.365384615385
100	0.569960725082	0.403157135262	0.365384615385
------------------------------------------------------
0.01	0.408431618437	0.349540062939	0.401960784314
0.1	0.516600412567	0.378758169935	0.56862745098
1	0.526426126112	0.391594045025	0.598039215686
10	0.528421988349	0.388059791818	0.539215686275
100	0.526351594974	0.388059791818	0.539215686275
------------------------------------------------------
0.01	0.474239350913	0.371006829698	0.587301587302
0.1	0.501600180302	0.394536241463	0.52380952381
1	0.528961009691	0.43287067636	0.412698412698
10	0.530876718503	0.444635382243	0.396825396825
100	0.530876718503	0.444635382243	0.396825396825

4 fold multi modal without speaker independence
C value	training acc	validation acc	Testing acc
0.01	0.488425925926	0.332930756844	0.373134328358
0.1	0.62908786446	0.427737520129	0.407960199005
1	0.650561465721	0.461352657005	0.412935323383
10	0.669129235619	0.451892109501	0.383084577114
100	0.683215130024	0.479468599034	0.393034825871
------------------------------------------------------
0.01	0.489521516012	0.386217386217	0.339743589744
0.1	0.596915226054	0.514566514567	0.314102564103
1	0.614403256787	0.483736983737	0.282051282051
10	0.620896763281	0.461038961039	0.288461538462
100	0.638513804077	0.461214461214	0.314102564103
------------------------------------------------------
0.01	0.457646537069	0.306174698795	0.372549019608
0.1	0.528482026265	0.399297188755	0.588235294118
1	0.581245226304	0.427409638554	0.519607843137
10	0.601510335822	0.40687751004	0.5
100	0.613743316826	0.386345381526	0.558823529412
------------------------------------------------------
0.01	0.542568831863	0.432724814064	0.492063492063
0.1	0.579301434554	0.393959882804	0.460317460317
1	0.598681279515	0.413297272932	0.444444444444
10	0.614096052749	0.413387423935	0.460317460317
100	0.619776352134	0.409465855308	0.460317460317

3 fold multi modal without speaker independence
C value	training acc	validation acc	Testing acc
0.01	0.488538176688	0.4366073003	0.291044776119
0.1	0.647769352848	0.450670075824	0.365671641791
1	0.671222006701	0.44123611356	0.402985074627
10	0.685461117969	0.460015870217	0.39552238806
100	0.704108622818	0.431890319168	0.39552238806
------------------------------------------------------
0.01	0.469141977684	0.408195459792	0.336538461538
0.1	0.609811465948	0.451596767988	0.336538461538
1	0.636129280492	0.429626779531	0.288461538462
10	0.688611004232	0.425278953444	0.288461538462
100	0.688687956907	0.394536360139	0.298076923077
------------------------------------------------------
0.01	0.435021152829	0.382072977261	0.397058823529
0.1	0.605565838181	0.39450026441	0.470588235294
1	0.62605764146	0.394103648863	0.514705882353
10	0.634122157589	0.402168164992	0.588235294118
100	0.658514013749	0.410298783712	0.588235294118
------------------------------------------------------
0.01	0.440280262373	0.324358974359	0.428571428571
0.1	0.559988073942	0.420960047704	0.404761904762
1	0.606290995826	0.444156231366	0.380952380952
10	0.617829457364	0.432528324389	0.428571428571
100	0.625551580203	0.405545617174	0.5

4 fold acoustic modal
C value	training acc	validation acc	Testing acc
0.01	0.384930881586	0.281460851669	0.353233830846
0.1	0.422489567032	0.319019537115	0.373134328358
1	0.448612042626	0.337934962032	0.378109452736
10	0.450959460467	0.337934962032	0.383084577114
100	0.450959460467	0.337934962032	0.383084577114
------------------------------------------------------
0.01	0.381488866411	0.311783245994	0.333333333333
0.1	0.41659243768	0.416138072454	0.339743589744
1	0.434151010236	0.376718310929	0.301282051282
10	0.449430411179	0.3723893066	0.294871794872
100	0.449430411179	0.3723893066	0.294871794872
------------------------------------------------------
0.01	0.386209396215	0.300157346889	0.313725490196
0.1	0.416524596409	0.357821955943	0.362745098039
1	0.43269989425	0.341309610264	0.411764705882
10	0.436715958507	0.341309610264	0.421568627451
100	0.436715958507	0.341309610264	0.421568627451
------------------------------------------------------
0.01	0.387897227857	0.336065212602	0.52380952381
0.1	0.420644579671	0.363163692443	0.47619047619
1	0.414897453234	0.37475214805	0.460317460317
10	0.428217263917	0.359242123816	0.460317460317
100	0.428217263917	0.359242123816	0.460317460317

4 fold visual modal
C value	training acc	validation acc	Testing acc
0.01	0.401365601013	0.286027061715	0.353233830846
0.1	0.50234928087	0.40734340528	0.323383084577
1	0.521328899322	0.38947935512	0.303482587065
10	0.511838624339	0.380097140317	0.298507462687
100	0.511838624339	0.375266222442	0.298507462687
------------------------------------------------------
0.01	0.383681848868	0.320555175818	0.339743589744
0.1	0.475616252465	0.364022176654	0.410256410256
1	0.475558539903	0.385896559581	0.358974358974
10	0.47778037864	0.368580542265	0.333333333333
100	0.475587396184	0.372966507177	0.339743589744
------------------------------------------------------
0.01	0.388229598235	0.308387799564	0.333333333333
0.1	0.415032159506	0.28582667635	0.450980392157
1	0.43549881816	0.288392641007	0.460784313725
10	0.443780391659	0.288392641007	0.421568627451
100	0.441709998284	0.28447107238	0.421568627451
------------------------------------------------------
0.01	0.410885733604	0.316457369465	0.333333333333
0.1	0.439801667794	0.335712712051	0.412698412698
1	0.445729096236	0.327869574796	0.301587301587
10	0.455307640297	0.343555849306	0.301587301587
100	0.447644805048	0.355320555188	0.301587301587